CL	TP	FP	FN	T	T_T	T_P
1795	1795	0	0	221.8720908164978	0.14655041694641113	221.7255403995514
1795	1795	0	0	221.6293547153473	0.1461191177368164	221.48323559761047
1798	1795	3	0	221.99524307250977	0.1465437412261963	221.84869933128357
1795	1795	0	0	221.91108798980713	0.1465902328491211	221.764497756958
1807	1795	12	0	221.62782883644104	0.14696407318115234	221.4808647632599
1795	1795	0	0	221.562846660614	0.14664030075073242	221.41620635986328
1795	1795	0	0	221.2677698135376	0.14626407623291016	221.1215057373047
1795	1795	0	0	221.51636624336243	0.14577341079711914	221.3705928325653
1795	1795	0	0	221.65294075012207	0.14677095413208008	221.50616979599
1795	1795	0	0	221.76068544387817	0.14629769325256348	221.6143877506256
1795	1795	0	0	224.08938717842102	0.13534307479858398	223.95404410362244
1795	1795	0	0	222.2689094543457	0.13449931144714355	222.13441014289856
1795	1795	0	0	222.20086455345154	0.13440632820129395	222.06645822525024
1795	1795	0	0	222.28453087806702	0.1350710391998291	222.1494598388672
1795	1795	0	0	222.5722439289093	0.1340787410736084	222.4381651878357
1795	1795	0	0	221.9820921421051	0.13459086418151855	221.84750127792358
1795	1795	0	0	222.25852704048157	0.1346116065979004	222.12391543388367
1795	1795	0	0	222.04133439064026	0.1351456642150879	221.90618872642517
1795	1795	0	0	222.03277325630188	0.13435101509094238	221.89842224121094
1795	1795	0	0	222.21218180656433	0.13489389419555664	222.07728791236877
