CL	TP	FP	FN	T	T_T	T_P
4108	4108	0	0	42.8918833732605	0.11445784568786621	42.77742552757263
4108	4108	0	0	42.93105483055115	0.1146688461303711	42.816385984420776
4108	4108	0	0	43.01355504989624	0.1143186092376709	42.89923644065857
4108	4108	0	0	42.9771990776062	0.11440896987915039	42.86279010772705
4109	4108	1	0	42.987929821014404	0.11407589912414551	42.87385392189026
4108	4108	0	0	42.901023149490356	0.11447572708129883	42.78654742240906
4108	4108	0	0	42.96771192550659	0.11456537246704102	42.85314655303955
4108	4108	0	0	42.906083822250366	0.11437058448791504	42.79171323776245
4108	4108	0	0	42.94599461555481	0.11465787887573242	42.83133673667908
4108	4108	0	0	43.00334191322327	0.11443710327148438	42.88890480995178
4108	4108	0	0	43.3600652217865	0.11336731910705566	43.24669790267944
4108	4108	0	0	43.4073383808136	0.11377239227294922	43.29356598854065
4108	4108	0	0	43.426907777786255	0.11379456520080566	43.31311321258545
4108	4108	0	0	43.490912675857544	0.11351919174194336	43.3773934841156
4108	4108	0	0	43.27064847946167	0.11348485946655273	43.15716361999512
4108	4108	0	0	43.38619947433472	0.11357641220092773	43.27262306213379
4108	4108	0	0	43.38058352470398	0.11355972290039062	43.26702380180359
4108	4108	0	0	43.50958752632141	0.11399364471435547	43.395593881607056
4108	4108	0	0	43.1811900138855	0.11391830444335938	43.06727170944214
4108	4108	0	0	43.403589963912964	0.11344695091247559	43.29014301300049
