CL	TP	FP	FN	T	T_T	T_P
4108	4108	0	0	43.00712251663208	0.1296842098236084	42.87743830680847
4108	4108	0	0	43.03813815116882	0.1304936408996582	42.907644510269165
4109	4108	1	0	42.98501253128052	0.1293482780456543	42.85566425323486
4108	4108	0	0	42.83510208129883	0.13000273704528809	42.70509934425354
4108	4108	0	0	42.938841104507446	0.12982988357543945	42.80901122093201
4108	4108	0	0	42.93191576004028	0.13042187690734863	42.801493883132935
4108	4108	0	0	42.9177770614624	0.13026785850524902	42.78750920295715
4108	4108	0	0	43.0197389125824	0.13031625747680664	42.88942265510559
4108	4108	0	0	43.06022572517395	0.13000035285949707	42.93022537231445
4108	4108	0	0	43.03351354598999	0.1302337646484375	42.90327978134155
4108	4108	0	0	43.30398225784302	0.13138628005981445	43.1725959777832
4108	4108	0	0	43.42060565948486	0.13132786750793457	43.28927779197693
4108	4108	0	0	43.418946266174316	0.13117170333862305	43.28777456283569
4108	4108	0	0	43.428831815719604	0.13129305839538574	43.29753875732422
4108	4108	0	0	43.40687274932861	0.13132238388061523	43.275550365448
4108	4108	0	0	43.44856381416321	0.13127875328063965	43.31728506088257
4108	4108	0	0	43.39115071296692	0.1313920021057129	43.259758710861206
4108	4108	0	0	43.47699165344238	0.1313772201538086	43.345614433288574
4108	4108	0	0	43.436930418014526	0.13130474090576172	43.305625677108765
4108	4108	0	0	43.463804721832275	0.1308586597442627	43.33294606208801
