CL	TP	FP	FN	T	T_T	T_P
5634	5634	0	0	1472.9395508766174	0.1463322639465332	1472.793218612671
5634	5634	0	0	1473.1912817955017	0.14704418182373047	1473.044237613678
5636	5634	2	0	1485.9985539913177	0.14699244499206543	1485.8515615463257
5634	5634	0	0	1474.642992258072	0.14739489555358887	1474.4955973625183
5634	5634	0	0	1473.0609285831451	0.1470966339111328	1472.913831949234
5634	5634	0	0	1472.6238074302673	0.14666461944580078	1472.4771428108215
5638	5634	4	0	1471.5957441329956	0.14725327491760254	1471.448490858078
5680	5634	46	0	1470.1867110729218	0.14681386947631836	1470.0398972034454
5634	5634	0	0	1471.663166999817	0.1464095115661621	1471.5167574882507
5634	5634	0	0	1477.3005645275116	0.1471846103668213	1477.1533799171448
5634	5634	0	0	1473.2993428707123	0.13484978675842285	1473.1644930839539
5634	5634	0	0	1487.221180677414	0.135481595993042	1487.085699081421
5634	5634	0	0	1488.0235919952393	0.13586688041687012	1487.8877251148224
5634	5634	0	0	1483.5648279190063	0.13438892364501953	1483.4304389953613
5634	5634	0	0	1497.385314464569	0.13530778884887695	1497.2500066757202
5634	5634	0	0	1490.1998238563538	0.1353466510772705	1490.0644772052765
5634	5634	0	0	1489.2460446357727	0.13531970977783203	1489.1107249259949
5634	5634	0	0	1487.4122803211212	0.1356806755065918	1487.2765996456146
5634	5634	0	0	1475.3866975307465	0.13485431671142578	1475.251843214035
5634	5634	0	0	1475.0822548866272	0.13514971733093262	1474.9471051692963
