CL	TP	FP	FN	T	T_T	T_P
2156	2156	0	0	22.731832265853882	0.11432790756225586	22.617504358291626
2156	2156	0	0	22.67514181137085	0.11445379257202148	22.560688018798828
2156	2156	0	0	22.71830677986145	0.11460661888122559	22.603700160980225
2156	2156	0	0	22.681199550628662	0.11454916000366211	22.566650390625
2156	2156	0	0	22.736907720565796	0.11409449577331543	22.62281322479248
2156	2156	0	0	22.76929020881653	0.11461234092712402	22.654677867889404
2156	2156	0	0	22.65175175666809	0.11412358283996582	22.537628173828125
2156	2156	0	0	22.76375913619995	0.11422061920166016	22.64953851699829
2156	2156	0	0	22.70146155357361	0.11423802375793457	22.587223529815674
2156	2156	0	0	22.786877393722534	0.11443376541137695	22.672443628311157
2156	2156	0	0	23.49502658843994	0.11444234848022461	23.380584239959717
2156	2156	0	0	22.968512296676636	0.11394977569580078	22.854562520980835
2156	2156	0	0	23.01757001876831	0.11356806755065918	22.90400195121765
2156	2156	0	0	22.91185235977173	0.11361074447631836	22.79824161529541
2156	2156	0	0	22.94285011291504	0.11337876319885254	22.829471349716187
2156	2156	0	0	22.88993763923645	0.11356186866760254	22.776375770568848
2156	2156	0	0	22.997026681900024	0.11337804794311523	22.88364863395691
2156	2156	0	0	23.033831357955933	0.11384916305541992	22.919982194900513
2156	2156	0	0	22.91073203086853	0.11336803436279297	22.797363996505737
2156	2156	0	0	23.06222152709961	0.11344313621520996	22.9487783908844
