CL	TP	FP	FN	T	T_T	T_P
1920	1920	0	0	36.20676898956299	0.1381540298461914	36.0686149597168
1920	1920	0	0	36.22490334510803	0.13849353790283203	36.0864098072052
1920	1920	0	0	36.16529726982117	0.13882756233215332	36.026469707489014
1920	1920	0	0	36.20059895515442	0.13892769813537598	36.06167125701904
1920	1920	0	0	36.28477644920349	0.13860511779785156	36.14617133140564
1920	1920	0	0	36.194990158081055	0.13870692253112793	36.05628323554993
1920	1920	0	0	36.227301597595215	0.1388101577758789	36.088491439819336
1920	1920	0	0	36.161341190338135	0.1385343074798584	36.022806882858276
1920	1920	0	0	36.29375338554382	0.13870024681091309	36.15505313873291
1920	1920	0	0	36.14003539085388	0.1387176513671875	36.001317739486694
1920	1920	0	0	36.2689642906189	0.13948917388916016	36.129475116729736
1920	1920	0	0	36.30078983306885	0.13921642303466797	36.16157341003418
1920	1920	0	0	36.315797090530396	0.13995671272277832	36.17584037780762
1920	1920	0	0	36.37434148788452	0.13963699340820312	36.23470449447632
1920	1920	0	0	36.28582835197449	0.13956832885742188	36.146260023117065
1919	1919	0	1	36.296541690826416	0.13959956169128418	36.15694212913513
1920	1920	0	0	36.34524750709534	0.14007949829101562	36.20516800880432
1920	1920	0	0	36.265257596969604	0.13979864120483398	36.12545895576477
1920	1920	0	0	36.33994960784912	0.13976073265075684	36.200188875198364
1919	1919	0	1	36.50202918052673	0.14044475555419922	36.361584424972534
