CL	TP	FP	FN	T	T_T	T_P
20000	20000	0	0	1980.0399661064148	0.6581230163574219	1979.3818430900574
20000	20000	0	0	1974.0473265647888	0.6428935527801514	1973.4044330120087
20000	20000	0	0	1973.9478182792664	0.6579806804656982	1973.2898375988007
20000	20000	0	0	1975.5060830116272	0.6504652500152588	1974.855617761612
20001	20000	1	0	1992.6812863349915	0.6530895233154297	1992.028196811676
20000	20000	0	0	1980.2179203033447	0.6484031677246094	1979.5695171356201
20000	20000	0	0	1973.191541671753	0.6596040725708008	1972.5319375991821
20000	20000	0	0	1980.291606426239	0.652411937713623	1979.6391944885254
20000	20000	0	0	1974.5260548591614	0.6534323692321777	1973.8726224899292
20000	20000	0	0	1976.4009969234467	0.6521899700164795	1975.7488069534302
20000	20000	0	0	1980.081974029541	0.4897434711456299	1979.5922305583954
20000	20000	0	0	1979.089595079422	0.48858141899108887	1978.601013660431
20000	20000	0	0	1975.6055047512054	0.4832596778869629	1975.1222450733185
20000	20000	0	0	1979.6527435779572	0.4879424571990967	1979.164801120758
20000	20000	0	0	1979.2618007659912	0.4884195327758789	1978.7733812332153
20000	20000	0	0	1977.4266390800476	0.4897923469543457	1976.9368467330933
20000	20000	0	0	1975.7511429786682	0.49219393730163574	1975.2589490413666
20000	20000	0	0	1978.7657318115234	0.48519134521484375	1978.2805404663086
20000	20000	0	0	1976.6571578979492	0.48939943313598633	1976.1677584648132
20000	20000	0	0	1976.1905705928802	0.4878537654876709	1975.7027168273926
