CL	TP	FP	FN	T	T_T	T_P
1920	1920	0	0	35.90876793861389	0.11637163162231445	35.79239630699158
1920	1920	0	0	35.885069608688354	0.11655974388122559	35.76850986480713
1929	1920	9	0	35.90697717666626	0.11635994911193848	35.79061722755432
1920	1920	0	0	35.950610876083374	0.11628365516662598	35.83432722091675
1920	1920	0	0	35.856162548065186	0.11686825752258301	35.7392942905426
1920	1920	0	0	35.906189918518066	0.11612439155578613	35.79006552696228
1920	1920	0	0	35.903594970703125	0.11642146110534668	35.78717350959778
1920	1920	0	0	35.87547826766968	0.11610078811645508	35.75937747955322
1920	1920	0	0	35.925084352493286	0.11637663841247559	35.80870771408081
1920	1920	0	0	35.877604484558105	0.11630868911743164	35.761295795440674
1920	1920	0	0	36.326953649520874	0.11594891548156738	36.21100473403931
1920	1920	0	0	36.317039012908936	0.11575436592102051	36.201284646987915
1920	1920	0	0	36.36658835411072	0.11642575263977051	36.25016260147095
1920	1920	0	0	36.302974224090576	0.11592531204223633	36.18704891204834
1920	1920	0	0	36.274399518966675	0.11587905883789062	36.158520460128784
1920	1920	0	0	36.35481333732605	0.11621570587158203	36.23859763145447
1920	1920	0	0	36.26790690422058	0.11583161354064941	36.15207529067993
1920	1920	0	0	36.2622857093811	0.1157979965209961	36.14648771286011
1920	1920	0	0	36.32022309303284	0.11577486991882324	36.204448223114014
1920	1920	0	0	36.268444299697876	0.11565351486206055	36.152790784835815
