CL	TP	FP	FN	T	T_T	T_P
20000	20000	0	0	1973.620008468628	0.17001748085021973	1973.4499909877777
20004	20000	4	0	1972.6432943344116	0.16913962364196777	1972.4741547107697
20000	20000	0	0	1972.9903383255005	0.17036652565002441	1972.8199717998505
20000	20000	0	0	1972.8469021320343	0.1694042682647705	1972.6774978637695
20030	20000	30	0	1974.4631752967834	0.17054104804992676	1974.2926342487335
20000	20000	0	0	1972.496262550354	0.1691441535949707	1972.327118396759
20000	20000	0	0	1973.4878828525543	0.17049360275268555	1973.3173892498016
20000	20000	0	0	1980.7504177093506	0.1692342758178711	1980.5811834335327
20000	20000	0	0	1991.688057422638	0.17629241943359375	1991.5117650032043
20000	20000	0	0	1985.515792608261	0.1726679801940918	1985.343124628067
20000	20000	0	0	1983.2162775993347	0.15118026733398438	1983.0650973320007
20000	20000	0	0	1973.7657353878021	0.1511683464050293	1973.614567041397
20000	20000	0	0	1976.0438992977142	0.15107083320617676	1975.892828464508
20000	20000	0	0	1975.5842280387878	0.15083003044128418	1975.4333980083466
20000	20000	0	0	1977.452951669693	0.1508469581604004	1977.3021047115326
20000	20000	0	0	1977.486700296402	0.15120458602905273	1977.335495710373
20000	20000	0	0	1974.4425039291382	0.1508939266204834	1974.2916100025177
20000	20000	0	0	1984.3086366653442	0.1510157585144043	1984.1576209068298
20000	20000	0	0	1994.6356928348541	0.15120577812194824	1994.4844870567322
20000	20000	0	0	1997.20685172081	0.15111565589904785	1997.055736064911
