CL	TP	FP	FN	T	T_T	T_P
5634	5634	0	0	1482.4890801906586	0.4921424388885498	1481.99693775177
5635	5634	1	0	1481.769882440567	0.48352646827697754	1481.28635597229
5634	5634	0	0	1472.5829989910126	0.4869520664215088	1472.096046924591
5634	5634	0	0	1472.6365389823914	0.4836554527282715	1472.152883529663
5634	5634	0	0	1472.1121122837067	0.48709583282470703	1471.625016450882
5634	5634	0	0	1472.5698583126068	0.48331403732299805	1472.0865442752838
5634	5634	0	0	1479.7112863063812	0.4843921661376953	1479.2268941402435
5636	5634	2	0	1484.0108194351196	0.48566365242004395	1483.5251557826996
5634	5634	0	0	1484.896047592163	0.4837007522583008	1484.4123468399048
5634	5634	0	0	1476.5744400024414	0.48264026641845703	1476.091799736023
5634	5634	0	0	1486.7868254184723	0.38173484802246094	1486.4050905704498
5634	5634	0	0	1488.5561158657074	0.3775930404663086	1488.178522825241
5634	5634	0	0	1488.2051010131836	0.38121891021728516	1487.8238821029663
5634	5634	0	0	1488.4848182201385	0.3807196617126465	1488.104098558426
5634	5634	0	0	1478.3992230892181	0.3834967613220215	1478.0157263278961
5634	5634	0	0	1486.4592838287354	0.3810079097747803	1486.0782759189606
5634	5634	0	0	1491.4589517116547	0.38045287132263184	1491.078498840332
5634	5634	0	0	1487.193870306015	0.38160109519958496	1486.8122692108154
5634	5634	0	0	1475.5849673748016	0.37833237648010254	1475.2066349983215
5634	5634	0	0	1476.3536040782928	0.37727975845336914	1475.9763243198395
