CL	TP	FP	FN	T	T_T	T_P
1248	1248	0	0	22.91725730895996	0.11619877815246582	22.801058530807495
1248	1248	0	0	22.883702278137207	0.11617732048034668	22.76752495765686
1248	1248	0	0	22.93277859687805	0.11604952812194824	22.816729068756104
1248	1248	0	0	22.926180124282837	0.1163322925567627	22.809847831726074
1249	1248	1	0	22.933550357818604	0.11628437042236328	22.81726598739624
1248	1248	0	0	22.954808473587036	0.11647915840148926	22.838329315185547
1249	1248	1	0	22.94185495376587	0.11647987365722656	22.825375080108643
1248	1248	0	0	22.947190523147583	0.11618757247924805	22.831002950668335
1249	1248	1	0	22.970300436019897	0.11628270149230957	22.854017734527588
1255	1248	7	0	22.89486336708069	0.1164405345916748	22.778422832489014
1248	1248	0	0	23.189879894256592	0.11591458320617676	23.073965311050415
1247	1247	0	1	23.199960708618164	0.11621260643005371	23.08374810218811
1248	1248	0	0	23.214131832122803	0.11583638191223145	23.09829545021057
1248	1248	0	0	23.197842359542847	0.11564278602600098	23.082199573516846
1228	1228	0	20	23.171038150787354	0.11630940437316895	23.054728746414185
1248	1248	0	0	23.178596019744873	0.1154782772064209	23.063117742538452
1248	1248	0	0	23.173599243164062	0.1159217357635498	23.057677507400513
1248	1248	0	0	23.244709730148315	0.1160581111907959	23.12865161895752
1248	1248	0	0	23.102785348892212	0.11577987670898438	22.987005472183228
1248	1248	0	0	23.13275694847107	0.11608052253723145	23.016676425933838
